site 1816771166209
83 4
site 1816771166210
162 2
163 1
164 1
site 2267742732290
21 1
22 1
site 2267742732291
19 2
site 2267742732295
157 2
site 2267742732301
122 2
site 2267742732330
122 2
site 3380139261953
340 1
site 3380139261961
250 1
site 5793910882306
19 47
site 5793910882307
21 47
site 5793910882311
155 47
site 5793910882317
122 47
site 5793910882346
122 47
site 6472515715074
98 1
site 6481105719665
33 13
site 6485400686961
33 4
site 6528366869921
98 1
site 6528368149921
98 1
site 6528374089921
98 1
site 6528374439921
98 13
site 6558415140994
33 2
